https://www.glo.or.th (getLotteryResult 17/01/2026 - repaired; upstream sanook scrape corrupt for this draw)
FIRST 878972
THREE_FIRST 299 815
THREE_LAST 363 662
TWO 02
NEAR_FIRST 878971 878973
SECOND 381104 462362 563562 622849 931181 
THIRD 005672 088655 157664 285770 380491 646751 686827 699496 905332 979726 
FOURTH 001710 002620 006309 042793 065792 122890 164034 175674 199915 199940 254537 268609 270365 277608 294448 346569 363669 417200 452664 457942 510478 512262 551909 573339 598330 620850 643690 688173 721192 722565 728151 745233 771155 788489 814326 854584 862771 868930 869773 879301 879899 889623 926582 927217 927260 952673 995397 996582 998307 999550 
FIFTH 009758 038904 046832 083305 093672 101871 126380 132019 137111 146903 154832 166304 173168 175461 191522 205946 223884 225615 251887 281168 286958 297088 300978 309263 319811 326896 349688 359189 364909 365921 372940 379968 388033 397231 415485 416015 422645 456745 468503 477066 503014 506191 515363 525227 526792 548671 555032 565481 581182 583146 583377 595449 596525 602920 605785 615504 627745 628189 633891 643420 647749 652725 665269 673452 680068 681772 693203 694064 695518 724879 725483 741541 744746 755941 769970 786195 793895 802971 804117 804125 804800 823092 846597 847175 854554 860639 866909 868816 876545 880770 889967 898049 905143 912392 934025 941065 954128 971380 991538 996466
